62.333333333333336
59.666666666666664
72.0
53.333333333333336
83.33333333333333
51.333333333333336
58.333333333333336
71.33333333333333
54.333333333333336
70.66666666666667
47.666666666666664
65.66666666666667
71.0
82.33333333333333
29.333333333333332
78.33333333333333
42.333333333333336
50.666666666666664
55.666666666666664
51.333333333333336
69.66666666666667
63.666666666666664
42.333333333333336
63.666666666666664
53.0
57.333333333333336
78.66666666666667
52.333333333333336
73.66666666666667
53.333333333333336
43.666666666666664
67.0
44.666666666666664
53.666666666666664
54.666666666666664
66.33333333333333
75.33333333333333
77.0
53.666666666666664
66.0
71.0
63.666666666666664
56.0
56.333333333333336
48.666666666666664
47.333333333333336
47.333333333333336
79.33333333333333
43.333333333333336
53.333333333333336
74.33333333333333
65.0
47.0
67.33333333333333
84.33333333333333
49.0
54.666666666666664
55.666666666666664
35.0
67.66666666666667
50.0
56.0
81.33333333333333
86.33333333333333
60.0
79.33333333333333
50.666666666666664
55.0
56.333333333333336
83.0
51.0
75.66666666666667
66.0
42.333333333333336
75.0
78.33333333333333
61.0
47.0
69.66666666666667
81.66666666666667
55.333333333333336
61.0
60.84146341463415 64.15853658536585 58.25609756097561